59
543 83
55936 78849 89347 71044 26245 14341 41991 86666 36876 76558 97167 43535 11025 49937 91282 18836 94869 42390 14231 18193 53273 79101 22171 10780 96285 67358 44063 67616 12827 74405 4261 38055 64296 69160 50603 92690 29869 32046 61871 62895 86194 81715 31796 76598 80056 89146 25787 78396 7484 65598 15418 71366 41289 85452 64333 39501 29010 55125 74965 86106 27483 96475 13407 98912 10591 68320 31587 95076 19175 6504 22633 39656 14828 92396 28654 1263 73725 20723 15994 88955 38908 96765 49790 
233 75
75648 13953 20353 83716 19845 83721 88461 84370 63762 10642 16149 7574 29566 6552 95770 89884 47390 26491 72359 53928 28073 73002 38056 67116 34989 25262 24361 68014 23855 50994 61363 65203 95929 49723 52542 26943 58815 88769 56514 1602 12612 54594 60486 17990 77384 67783 18886 84936 94158 98639 48463 39377 62034 44501 96984 6489 71385 82651 14044 41182 72800 22883 69606 82027 80620 18159 58864 76529 45297 61684 72822 15738 28283 48126 49919 
430 37
59146 53386 76559 97042 16660 45718 75544 68122 94496 92706 27683 93732 90790 74663 29227 10667 85302 1718 25784 76728 55610 31546 44855 33726 89682 41818 57947 58204 13406 9829 47847 76393 1133 2166 61177 85498 30335 
341 125
78848 40966 61447 4105 7179 7692 26655 48171 22573 23600 3639 22584 84023 65594 43070 28734 73279 68165 92745 45129 48722 84051 44119 12380 16991 91236 10858 19563 44657 60032 20099 45193 71308 61071 44689 21654 21145 3737 58013 86685 95907 25253 78504 7337 28840 61612 79023 86710 21177 51393 87751 5833 74441 84171 1748 35543 24792 43737 7386 21734 19692 53996 34033 5364 49397 29940 2310 67848 23306 92431 63250 17687 67863 36129 19750 46889 14633 78635 12091 72513 29000 37193 41301 30553 14686 23903 47458 28003 96614 43371 38255 74611 68469 43382 20347 9595 66431 37249 51588 8588 51085 27539 53654 98711 63895 5531 22436 12710 25010 6067 14780 48060 75715 65482 56784 89563 90078 49126 99303 84457 31210 85489 14836 80379 75772 
566 270
27138 2562 40963 31234 86022 21511 89095 48137 10252 94733 16914 34835 80915 44570 19485 65566 82463 93222 68134 58922 10795 76846 80431 17968 93751 49209 6201 58 81981 23102 30784 62017 46658 92224 14401 26692 48711 85576 90698 88139 87115 62033 64084 71764 58455 86104 31833 24154 37463 53337 94815 14435 39523 52841 10859 25196 51309 55920 68212 32884 52344 14459 81532 8829 7294 31871 75390 83077 82565 28807 2696 3721 34962 55955 97940 86163 32918 93334 74904 91797 55965 6814 10914 39586 70821 4776 26796 4269 21166 25775 87725 67760 36530 14515 34484 61622 23224 7865 59066 50364 65214 8392 90315 59085 91343 83153 60113 32469 97495 70364 5854 99039 79072 26337 14046 89825 92906 13036 13037 43760 55025 67314 88308 94965 30456 67835 89339 56063 17664 13058 57091 99075 17155 42756 63239 47370 17162 36108 71949 17678 89359 71953 60690 54034 13588 11029 14613 12567 66836 33046 43804 77085 35619 16165 38700 11568 12082 78644 98614 14134 83768 81209 76602 41275 80697 71482 83262 64831 52544 32065 1340 15174 45383 53576 74061 31570 94034 18260 79702 93532 67933 57183 84832 29537 74083 86373 37734 37223 70501 75113 85866 42859 79723 83308 10603 53615 68975 89461 23414 86903 38264 4985 12157 75134 12161 74626 52612 17797 43912 904 67466 23438 912 84881 33170 39313 13716 72086 45976 75673 85408 76704 80289 61347 79782 1450 45995 71595 73131 41392 38833 35763 98228 53685 49591 70584 38845 49086 70079 16318 79809 53186 24002 89540 38343 41416 967 51660 64462 64974 71632 44497 24020 84436 78805 62935 34779 89054 17376 44515 55272 62445 54256 48112 79347 4596 29173 79350 78842 61947 
12 178
19969 13317 93190 35850 18965 6677 85531 2587 59422 65567 54303 60974 8238 27699 29237 81461 28214 1596 20543 4160 18501 35398 86086 90696 64071 2637 78925 25170 36347 29785 5726 93791 17505 21089 39015 66663 22637 7790 625 88178 53885 68736 98949 86664 60041 34953 67208 84620 19602 49299 23190 9369 25758 11935 79519 82594 24226 42154 9386 80052 64181 80567 16569 1724 60605 97984 43202 21700 68806 42185 27344 55510 67804 80094 25312 11491 14563 86755 9445 87783 42730 55531 13553 46326 52983 29943 96508 99070 45311 30975 50948 22798 27406 15632 18702 3859 74517 18198 37143 80151 59674 72475 68392 2348 45358 26929 3893 74040 57660 92989 59710 68926 78145 12610 21825 11075 29509 857 94042 24411 96092 76646 59751 12653 22382 75630 29552 56179 49524 7028 1400 65915 78719 83841 58245 27526 45566 96136 59281 46482 26002 75669 57757 13735 53167 84403 74676 20919 38846 74175 93630 70593 35270 55238 35272 94665 50634 92619 64977 61394 32724 70102 4567 4059 91612 88541 18915 49147 33262 85490 57330 71154 98295 52216 78329 35323 51197 71678 
316 225
71680 88578 96259 15368 20489 38922 66571 47637 66072 40476 3612 56351 73761 33313 39973 58413 7726 93231 53297 73265 94774 1591 34360 45114 10299 93756 51259 68092 18495 92734 9794 70723 55874 87109 98893 2640 70737 94807 2137 83034 71260 95325 52317 2659 44132 77926 85097 96874 3179 40043 11376 16497 26226 21621 41591 19065 19578 79996 52354 87682 86660 74885 66694 65157 26255 32913 42129 71317 47767 93847 65175 76449 11938 47273 48810 45738 18096 24752 44721 62644 89781 91318 49335 77494 88757 61631 77505 80578 26310 52935 27335 32457 84170 38603 90317 32462 41167 74448 31953 81105 72918 61658 56026 56828 25309 59102 43744 55014 84200 59112 50413 55024 54001 89330 55032 32506 20218 72445 8446 37633 7426 77059 20740 21251 38150 87306 76044 50445 37133 5903 84755 33556 77078 54039 28442 76573 32542 20767 94497 74530 19235 89386 12078 26928 3889 38193 71985 1333 75062 34616 1853 45887 37184 75078 9030 51018 40782 54607 16725 72022 23895 11097 92513 71013 64358 99688 13679 94063 45424 88947 1910 68985 91004 9600 28034 48515 52101 12678 64904 55689 6539 21900 30606 55697 49042 56212 77214 13219 14244 43944 79359 41902 11698 29628 1988 81348 27590 65990 29640 13769 83915 28111 81878 96728 48088 46041 79323 17371 49629 4066 47075 8676 57317 76779 60397 94703 7152 69617 48626 68083 98292 11253 80375 36348 4095 
409 313
24066 91139 61959 79881 9228 12812 19472 57367 24087 81949 86559 74784 30239 17445 73254 29740 72750 4655 34353 78387 71220 36917 6710 39991 41014 82997 52795 64573 42046 9791 72765 5187 33860 88644 1095 91208 41545 43082 92744 20044 32844 77904 69202 47187 44114 8789 32856 72795 99931 66652 69730 89188 53861 72293 61181 59498 46186 45676 92779 39022 82029 46700 2162 13429 69238 79479 61561 79484 81533 88188 42112 67714 30851 50308 51334 86152 16011 55948 61069 67726 77454 75408 97430 33430 56983 15512 1692 50335 21152 24224 32930 8865 47780 17062 67752 25769 91818 86700 39598 81585 54452 99513 89275 20668 12477 37566 94911 45247 40129 21187 43716 32963 53958 55493 99017 9930 70347 68300 22221 10958 69833 96458 67787 56527 49363 51925 95446 61656 82649 32474 14043 41181 56032 13024 74465 28384 14052 56547 87266 45793 74988 88812 1774 22768 53489 34038 81651 51444 78068 34036 42743 59640 77559 41722 78587 24316 88829 35582 51964 33532 73984 93442 16131 6914 61189 88837 21758 42760 2829 77585 4372 42773 55574 26107 81176 14107 92444 10017 34597 81702 9512 6955 12588 6958 71982 12086 7479 44857 7995 56123 28988 45372 76095 4416 19263 2883 66371 41285 37700 30535 26441 39753 74057 26953 70989 74574 26446 81744 17233 77138 15187 16721 58197 63318 69464 29017 83802 28504 81244 18778 84829 58202 68954 76644 10597 3429 51050 54634 3947 13684 90997 81784 23417 39801 78715 8572 40826 71038 62334 55166 57217 21891 44931 92558 50063 41360 95121 88463 87441 85908 90512 84879 38807 89489 98713 97691 87963 71584 11681 93088 32167 47527 429 430 52658 98740 91062 48054 3512 17338 69052 1468 69565 16322 60357 64966 91079 10185 20427 55244 18381 15307 4045 36305 2004 88533 24022 73687 62941 79839 24545 49121 82423 34274 89061 12257 14823 23010 7653 65002 51178 61932 97261 57837 94696 79335 69100 84978 36851 24564 26615 71675 29695 
795 173
70659 58373 65032 65033 65545 58891 48146 72723 28182 22550 88090 71194 3618 22050 90660 46629 50215 30247 38951 71213 22063 2100 92727 89158 58439 21576 97354 74826 8276 10839 41560 26201 64091 33885 2655 49762 14436 69222 94311 68202 34412 2670 40046 98417 90233 79994 62079 72320 95367 65160 8841 63119 95890 86166 84632 17562 88735 66726 32423 74924 63164 18620 80062 11966 53951 99518 33985 73411 41672 22216 33996 88279 24281 37088 40161 2787 65765 8423 88302 13550 44270 6387 67316 61691 42750 21762 36611 84741 92422 20742 7945 9484 61202 57108 81177 83738 283 47909 9511 97065 59691 61740 18734 75056 65329 99635 95542 65336 74041 95032 97606 46409 8011 71501 21837 61775 10573 74577 61778 84819 79700 15189 64342 40279 42324 28508 77682 15221 29049 73085 72574 79231 10111 28031 80773 97678 20372 69012 4507 86942 1963 79276 69551 62384 48561 58803 48052 10677 12724 27064 92089 42937 39358 49096 76749 6093 91086 23504 18894 51167 42465 68579 22502 88554 62444 12781 2029 56815 31217 94193 66551 63482 88060 
798 172
89090 29189 83979 65036 10764 66580 50717 78878 15903 37412 57900 32303 68145 11831 85559 57402 58428 96829 1599 69192 19019 76376 5724 79464 30830 45683 34933 81528 98943 94336 24192 66178 95876 23173 88712 67722 55435 37524 18581 90773 84118 2207 26786 82597 80551 83628 47789 45230 30895 95408 61109 42167 46776 59064 11453 33982 11457 18116 21701 19654 38599 99529 37581 9423 93392 35537 38611 43219 74457 89817 11997 92894 46815 16096 88801 87787 21229 95470 3312 82166 94967 82170 9467 96506 58109 97026 776 66313 50440 9483 22802 45845 71457 20770 81187 85800 88873 89395 99636 42295 33594 10044 12095 10063 17236 341 28505 1883 98653 99169 97122 92008 31595 80751 34159 6000 28020 79226 7035 76666 99707 23419 96131 9091 24967 86409 19852 63885 28558 40336 41873 38803 40857 15769 39323 12705 53670 14761 2477 43952 21938 8629 98229 22455 8630 2491 6076 6077 42940 68033 59333 19398 65479 24014 96719 60370 48598 40411 75229 36835 47590 10218 78827 42988 55794 91123 96244 98805 57844 20466 48634 76287 
31 281
77824 3073 9216 94723 90116 96263 83448 55306 63499 13326 73230 35343 45582 71698 17427 54291 99349 89622 91671 2072 38425 51736 15387 49181 78880 12832 60450 57379 7206 9258 98858 12333 32304 80432 45106 12338 11319 98359 98364 25149 44094 14914 86083 50247 69703 23624 73290 13387 51788 79949 99912 58445 88653 14929 9291 80979 37972 66133 28241 8279 18008 93273 14938 70748 57437 77412 33381 15462 23144 34411 11884 46196 57461 19061 88695 9338 61564 20095 67201 81539 36995 41605 60550 22150 64648 1673 93830 98443 35468 91281 98968 45720 667 68764 88733 66204 95392 64162 76962 24739 6819 24743 12968 12457 28842 24234 5300 74420 70837 97463 23736 72377 76474 4283 66236 9916 98493 98496 20673 68293 93383 69835 59084 23245 4819 52436 60629 96981 72407 90333 54494 40671 29921 76002 76004 48871 64744 16616 55534 4848 81649 7410 67827 39668 98548 53494 20213 33008 62714 78075 12027 94972 30970 67839 66307 15108 41733 62218 44810 85263 58127 62738 66834 21781 17689 64281 76059 2841 93981 32030 50976 26400 92450 45857 65316 79141 43305 66865 49970 23347 78132 61237 45368 57146 24381 96574 3389 38719 74050 83268 13125 70468 89412 840 16208 6993 16212 67412 3927 5465 53596 64861 37725 20828 14176 86881 72543 39269 12646 18279 75624 80747 30060 35186 77822 42871 43896 99194 63357 51582 97151 68992 30081 32645 75142 96134 36745 35723 65932 61324 16785 97170 84882 66966 92055 20378 36762 54174 91039 30112 84387 19875 63397 95144 28585 8104 77231 18863 2993 65967 1973 22459 11716 64453 83916 32206 56782 68559 4564 5077 37846 75222 27096 30174 61919 29152 38881 37859 71139 48614 93158 59371 91629 9712 54769 61432 61433 27642 5115 4092 23038 
68 164
79361 69123 61444 26632 12297 29705 32778 51723 6157 60942 40975 22541 99864 40475 47138 80930 39462 87080 93740 17453 84525 10809 74305 95297 37454 76369 33873 85078 49758 70751 64096 82017 12383 56930 82028 58990 51823 28271 34931 78965 65152 97920 64651 36492 30350 82576 61073 81554 34449 82588 61085 10910 10911 76455 75945 41643 42674 66237 49854 22719 13504 87745 81601 64707 83653 24773 22738 2264 87769 93913 19164 20704 85733 58089 80618 89329 33521 80643 69379 87305 72974 96527 270 60691 7956 28437 74518 51991 61209 87322 95515 24354 36133 23846 49959 46378 16687 36660 97080 75065 41274 15675 317 74054 65354 77646 14164 34133 99669 67928 34138 66401 68452 45423 35184 54129 56178 73075 57713 59771 66939 58238 27011 65412 51079 83339 20876 14734 64400 70544 30096 17811 98705 70038 77720 10140 61342 88996 40365 17325 50607 86964 1460 80820 99258 48062 13247 56261 453 43984 56786 36829 35808 78817 20449 38369 29673 48620 7660 56818 76276 90615 52733 23551 
462 162
17921 48130 28673 39943 94731 81932 94740 27680 43552 75296 7724 51762 53299 15414 11320 89144 94267 46139 72766 96326 72263 54347 96331 40523 87118 51280 62545 91730 31317 6229 40537 42589 80481 29799 96359 79470 67698 91767 4219 87170 1667 21123 25733 73346 44679 10371 50314 27792 78993 50832 73872 44696 91293 98975 36515 24229 79527 55977 60588 54449 33978 78011 27836 73405 15550 47294 28859 75458 40648 91336 25290 19656 95436 31950 73935 85201 34005 34019 29414 34023 38636 55538 24307 57078 72441 62206 80131 97540 48900 94470 30983 43270 15115 38156 22284 43797 16150 69398 64793 26395 54044 16669 76574 45343 28956 17185 60194 92459 34605 38195 23348 21301 37175 87866 68411 43838 87360 58689 27973 81733 29513 56650 30036 94549 37210 62816 57190 11111 86374 63342 7026 60277 68984 92540 29052 9092 67975 49545 30601 97675 32139 37257 36754 10648 82331 70557 59817 29614 54707 80307 32186 56257 76740 43470 34772 68060 64990 4576 60389 3046 61418 76271 
646 118
57857 48646 74248 12299 40463 92687 88614 33319 95276 2096 11317 97848 68158 92735 65095 91218 12890 45670 82024 15466 39019 66155 71288 63609 83064 38525 641 35458 76420 66709 65688 75417 60058 74908 82592 51365 78505 29372 84156 42180 17100 57552 98002 7394 80610 28902 20711 13035 69873 24306 72951 37628 97532 27919 84753 36116 31511 28954 36642 80683 22316 81198 61743 32558 97071 44340 59708 36671 34625 51010 8515 23373 12628 92508 18272 59750 10096 54641 1407 14722 81286 98695 24966 28553 32649 20877 80272 28049 70039 13724 50589 65437 97693 98209 89003 6574 49584 46000 60855 67007 16323 37325 32719 27609 36826 38364 54753 10211 59364 76264 49130 78318 57846 24054 57851 83452 58365 66047 
824 155
12801 62981 26630 87049 58890 72715 94730 61452 73226 40979 33813 13338 21022 81442 32297 24110 91182 82993 92216 10812 38973 63550 73791 33853 47176 90188 81490 65109 15454 11876 93796 54886 83558 11366 63087 89711 68208 76924 95358 21631 63617 83076 26764 59022 64657 43156 40085 30359 53911 76954 67751 66728 46762 73901 24750 42157 32438 55994 46781 10436 99015 97479 47308 78540 84686 47317 76505 99038 73444 62184 30952 76010 32498 50933 78582 34551 84731 51963 39164 41725 92413 4354 86788 67335 22791 22795 273 83729 17685 58133 17177 25882 3870 37151 58146 38691 10021 35130 29501 95041 94531 55109 68423 19274 27470 67923 87898 68955 72032 14689 76131 57187 86377 33130 66924 72048 36208 42864 83829 56706 70021 84357 35722 23440 30614 29591 77725 18857 73642 8115 80819 52149 26037 55735 67000 75193 52673 36801 16835 30657 49095 4557 7631 12755 80340 69593 29148 72670 21475 81385 86506 51698 48628 8181 94199 
509 153
66560 62979 66052 34823 1543 22535 22038 80408 13851 6172 61470 37918 92195 15908 79914 52781 94265 28217 65 53314 45635 43077 75847 37959 91207 20554 74824 45134 10318 25680 43091 23125 9305 70239 48742 64614 74858 69739 81516 81518 92782 67695 33404 32383 61573 57993 28810 93838 81552 25747 87188 97429 61590 29334 87705 10394 35996 6303 16036 32421 27815 98987 79021 98993 3250 58551 64185 81084 51900 14526 20163 11462 34505 40651 23756 71375 28385 65779 68344 48377 3321 4861 68354 5382 34567 8967 90890 94475 46354 6419 75029 26391 58650 70941 801 87330 53026 31019 30007 93497 86337 96065 31556 72005 22857 86347 27982 33614 42831 4434 17240 3932 82782 28000 33632 5987 94058 83826 47484 60284 82305 10632 86921 89995 6540 41356 19855 56721 65949 76196 48554 69040 20913 1971 92597 75190 38841 89025 38856 36302 88534 84440 14297 77792 86499 62436 60901 31206 13289 64497 56819 32759 71160 
865 296
12289 8194 79363 24065 17938 44050 9748 65558 96793 50201 13341 10270 37410 73762 67620 17446 51753 7210 7722 44073 31276 51754 47666 3123 34356 97845 95282 91703 33843 35897 4666 45116 26686 29247 19006 58433 70637 81988 58949 84478 88134 38470 34886 13386 2633 43596 37870 40015 35920 7764 46678 29276 6749 99422 95324 6753 44641 45153 3684 64612 93799 13416 51303 76394 34925 93294 70769 72818 90228 93815 39033 93819 50300 39037 63613 47741 64636 20609 132 97413 77445 72326 63626 62091 20619 34957 12428 26256 17041 5266 25745 52881 51861 20114 92311 27800 18072 3739 72348 96412 74398 35999 66208 68256 83103 68773 92327 30376 9900 4270 34485 57526 63160 2233 3259 30912 56002 75970 3271 42700 16079 47824 45776 30930 91347 66255 2261 20182 21719 47830 55005 21214 94431 33502 27361 5858 25313 18658 89829 19177 93930 7401 77549 51949 89839 80624 25846 46839 85753 11003 85755 39165 99580 67327 10491 67838 56571 52483 36098 96005 42245 63235 77576 26378 97547 57611 71948 91132 87823 46351 75026 61715 8984 57627 53534 50974 75553 16673 91940 89893 71980 62255 16177 36658 67889 19768 4923 78140 19772 76606 81220 78661 2885 44871 90440 73032 74573 27472 47957 64857 29529 23387 44378 67934 86879 48479 866 80742 63337 29548 98668 38767 97648 20851 68472 23930 50556 4477 74110 79230 23423 16262 10633 14730 5515 28043 93581 63369 1936 23953 41362 7571 70551 50073 410 31129 36253 43422 53150 69537 42914 7073 28579 36263 89001 87468 31150 56751 5042 9661 61374 19904 10177 36290 41411 70596 29124 22979 82887 37831 23497 46029 24526 64464 86482 55764 32215 46040 93655 84958 98783 27614 67551 94689 15843 46564 51173 72680 78313 48618 7146 68077 63470 49135 96752 50160 91122 16370 60916 27637 72179 75762 23545 22524 68093 54782 
380 144
29698 10756 93708 24590 56337 42005 7703 4631 85527 45593 64023 34847 67622 35886 8754 64061 54334 43586 6210 75844 69701 53836 51789 33883 42597 30311 4716 8813 2671 79984 83059 46712 96888 69242 32895 7298 85135 80016 96401 65170 91792 16532 48789 48795 30887 93868 93871 61105 96434 57522 45748 80564 93370 29888 10944 69831 7879 79560 59595 29901 17621 86230 22756 84197 45802 17131 78070 39159 28922 25851 45824 36613 55558 61705 90381 21774 69400 91929 72474 87323 10011 78108 13595 24863 12575 48416 26402 78636 42797 828 48957 26944 73035 99661 46926 43344 86353 84822 32086 77147 97118 31086 54127 21871 93553 41842 92533 34679 94073 27513 58748 35708 53644 55693 21902 63376 37777 47004 90531 94122 32690 88506 32704 48065 21959 67528 95183 93657 11226 17370 53721 36828 71134 66019 63972 64485 7657 83438 63982 23029 65013 503 99832 86527 
980 60
46978 15751 46215 43657 57740 95502 32655 17168 9616 53267 92563 18325 10141 12321 58535 77096 52264 82474 26801 75186 36275 48948 11700 65076 29496 40376 45624 84155 16702 94783 50495 45759 4930 10819 71877 71878 9802 14930 77815 99924 91349 2387 17363 29527 58329 1369 98145 8674 13155 40701 34286 34031 47728 71793 53617 887 22395 82812 1399 67967 
247 244
19458 55300 6149 77831 83466 41484 39952 84497 67603 37909 12310 12823 4121 18458 73243 26137 50207 59424 3619 38948 80935 7212 25132 50743 19004 44607 97344 52806 33871 25173 49751 95838 95328 79457 76900 60012 30317 54381 14447 58993 54387 44660 61556 22133 72824 55420 46717 8319 46720 97409 43654 96904 69260 33422 41616 81041 99985 25235 25232 51349 45714 82579 55451 64668 98462 69790 15520 90272 42658 88226 22176 3750 34474 91819 88748 23214 61103 32431 10418 68275 60597 31926 70328 81081 83131 54973 88256 62659 46276 89797 90823 84174 17615 92882 90324 36564 39128 56536 19161 51417 22237 36574 2783 37601 48353 70370 62178 91362 42214 3305 77547 70382 95473 5875 62713 5372 46338 69381 20741 20236 77581 15118 18703 38159 95500 73490 27410 25874 51989 91412 40206 73488 76569 57628 96541 62240 21281 88865 46369 39204 18214 18729 34092 37165 302 815 31024 20787 42805 14647 52535 38201 64826 21304 4412 63292 99139 17221 71494 53575 9032 44359 54086 10567 91468 96077 93517 8015 46935 98139 71517 75103 41824 25440 47968 25444 28519 1384 7017 28009 54123 38252 37740 25966 58738 82294 8567 33659 59772 70526 18815 8576 54144 41858 78211 61827 61950 61834 78734 28050 8597 48023 37784 17817 48029 65950 38304 84388 86950 69033 27050 69548 86962 59828 7608 80824 15803 21947 53179 78785 62403 90566 19399 51145 40913 34259 9684 7127 67032 1499 58844 62942 56286 27107 42475 39403 65517 56814 25068 81902 72690 31733 39421 95742 
392 64
22784 49788 93698 21381 93064 48140 93453 58132 60181 33817 21147 20892 39454 54558 31904 41505 96931 34852 68520 87337 29226 92584 59307 13356 24618 62382 93104 21424 43180 84277 27193 16573 80190 14915 94023 13640 12747 21836 3024 2132 91348 47195 94430 64351 60255 45535 42720 9310 32100 46945 63590 10974 74731 94955 74351 19312 25968 8944 82163 40178 97394 78454 13436 14335 
666 264
88065 52227 24068 99848 33290 25611 31756 72718 47120 41489 23574 10263 536 46108 60957 1053 26143 33312 38941 89634 50210 40485 61989 72230 34856 27174 25126 9266 4660 59445 566 30260 16437 8756 78908 14911 5184 10816 96835 96324 37957 92229 21572 90692 20556 74317 24655 74319 59471 61522 64087 61015 84569 15959 41051 23132 55899 69208 38490 27232 36957 24674 11365 63591 38505 99947 57452 30827 48750 48753 31859 13940 22132 87670 57976 56441 95354 35965 81534 60544 79500 68237 10894 88716 74895 32399 13453 34961 87191 39064 61593 33944 28317 28319 64673 51363 9893 13990 18089 95404 85679 11952 77489 688 69811 52916 55476 5817 62654 76481 4289 82117 45254 52939 49356 13519 75472 1743 54481 23253 17109 36054 77019 19166 2270 85731 4836 60644 54500 59111 93417 90858 43246 65775 73969 71411 60149 68343 87288 65785 55546 59645 2304 83712 49410 257 35077 76551 53000 91401 41736 48396 40208 36625 70417 90896 27932 81181 83230 74017 31521 89381 29993 5929 95533 86831 28978 57650 99124 65332 34102 36155 20799 15171 73036 99150 99663 16210 15699 28502 47961 5977 15194 40285 2399 9056 40803 42853 72044 96111 84849 69491 81780 30581 53622 24436 8056 99193 67443 98679 80760 91012 17798 55176 78729 55181 27029 64405 1430 32663 84378 30108 58781 420 36773 76713 33194 12201 66985 87469 39342 99247 27051 81841 19884 428 11696 34222 75192 29113 13755 29116 37821 88510 55747 34244 18885 24518 20934 93129 7113 82891 2000 56274 62423 49626 10715 74203 22492 33246 70618 65509 54245 53738 91115 99819 29682 78325 89590 27639 87545 15866 34299 75260 
15 52
10501 21254 72969 17290 62347 99087 60303 38930 89491 17303 96024 70169 26268 72094 44833 26406 75048 21800 57642 98349 62894 80815 71984 52785 95922 94771 53039 4021 9016 90172 12479 11840 64708 23109 2377 18515 5588 23511 14554 79324 74080 87654 66024 37098 76142 26991 41329 93042 73713 65137 60533 13566 
127 238
94208 30723 28167 67596 65551 82448 65042 18450 24604 34845 16414 32287 92192 69669 68646 38952 98859 3628 18475 87087 96816 10801 16435 87604 78903 76862 28222 67137 62530 57924 36421 8262 7247 34384 90194 45139 92756 97876 51287 55898 27228 54368 95841 44642 43617 21091 41576 93290 50283 85612 88687 3696 85618 89204 42100 7798 98936 20600 34938 74876 31870 53893 32905 31370 27281 17556 2709 97433 40091 35483 40608 44704 92322 27299 81058 29856 58028 49845 27832 73913 70843 70845 24766 43204 57544 64714 1226 47819 82125 38606 12500 51927 17625 5853 66782 75999 59103 26849 4318 52958 24293 12011 35053 67311 55023 94961 18674 34037 83703 89848 64761 54010 5374 35586 13065 17163 64783 30480 85786 82714 61212 46364 4381 32538 80160 89376 33562 98589 25377 45340 77608 30505 49961 28970 17705 29485 7470 84786 76083 66867 79666 82742 81208 38204 34109 88894 73022 85308 75072 98119 44872 77641 48973 82253 4432 51537 90450 337 7509 98645 69975 77658 7005 1373 15712 43873 11109 17253 83815 88423 80749 25460 15734 65398 51581 22911 7554 22402 36229 15749 20870 48009 9610 56716 35728 73617 48532 93588 77206 28055 88983 56732 64926 17823 84898 3497 58281 54702 39347 22452 19383 23480 63417 97721 62904 52156 98236 76223 74177 43457 38339 77252 83399 968 30664 10697 42445 1486 22991 39885 95702 30680 19417 60377 41949 20962 87523 42979 999 39400 93166 17907 18932 5110 59384 54267 53756 52734 
639 234
20993 28164 50693 23045 23047 61446 65543 43021 77328 7184 4120 96281 54810 89626 60954 90141 70173 70178 97827 80932 3106 37927 41512 30251 49710 19503 10289 24627 82486 27191 30264 5688 18939 26171 7228 34370 48194 65604 58947 45638 78919 99907 94277 82500 73294 70225 96850 69203 28756 41045 9298 65629 43615 60513 50274 58465 97890 89702 66150 20475 18023 28779 623 80495 79474 81524 4212 96375 99960 53369 87671 47745 50306 51841 3204 83590 31879 99986 92307 54424 5786 47771 30363 31391 41636 98468 55463 60075 81581 65710 38074 16572 40126 8899 86723 40135 92362 84684 30414 63695 17616 58065 9427 58068 50902 61143 93918 59617 64742 74471 92904 88806 86254 48366 85751 44279 51962 43263 7425 88322 99589 78601 89866 99081 36622 82192 27921 50450 6931 96019 65303 22810 78620 11039 29471 68384 56610 36132 98085 64294 810 60715 4396 96562 40247 80187 59900 38718 97603 91466 69451 51534 58712 92505 53595 81243 10590 3940 25958 63848 96619 24940 80235 60270 57711 93040 7536 4466 43892 78709 33656 60280 36219 64385 42884 75656 99724 94095 46480 90514 5011 57234 86932 6041 11164 8099 15273 56747 99244 52143 97712 9651 92596 63925 14774 59319 47031 90041 78263 46525 59326 80831 83395 21443 88517 20421 93636 88523 22478 47568 53212 66012 10718 44511 19424 55264 52194 94692 23525 75751 73705 58858 21996 90609 91634 9203 66548 76277 46065 9723 19964 59389 96254 20479 
375 114
41475 63493 3593 92169 73740 96782 33299 35349 52759 67097 63002 5148 90652 82476 71728 10802 8759 85050 36412 19517 85053 60481 31301 85583 99413 30808 90206 87652 95846 54892 23163 63102 59520 51330 36486 35977 58506 87182 97423 38547 42645 63642 53926 34983 83626 30382 60594 71862 53944 23737 57016 49852 16575 39617 42183 49866 76490 57547 61642 60622 61138 9443 63205 94951 41708 55022 49392 23285 4859 37116 77060 90886 80649 82701 83213 32026 85793 87332 80693 41283 32584 6476 45391 2394 41316 40807 51049 95081 45436 46463 35713 17802 9613 31643 48545 60335 62385 39863 41921 24015 66512 29654 51683 69091 87012 92134 92643 92137 89065 91627 46572 15347 91638 70138 
434 220
73217 80389 17927 36875 17424 30224 27667 28695 72215 82972 93214 96287 42016 92193 95269 550 41509 552 64553 59437 26157 90671 28719 75313 81458 4659 83009 73286 61512 26699 3661 17998 94287 83537 92248 96345 62042 33371 61530 76381 54879 87651 94308 81509 3687 49257 75372 35441 93810 16503 15993 53370 29307 23676 23168 35969 73352 7819 2188 21137 33939 56980 60565 70293 3731 69785 20635 15006 29345 49313 30373 73384 86697 82090 81577 91817 77485 21675 60088 96955 26302 31934 38594 6851 92866 1225 13520 96466 11988 38616 81626 42206 83166 69856 64738 67810 57572 30437 94948 70890 56047 7411 30964 78071 57593 93946 252 20221 46844 7937 17159 54535 19210 91403 90380 21773 3339 94991 41740 51988 2325 1821 42269 23843 49443 43814 29991 80166 9513 16681 6441 37164 29484 38702 60717 97068 39734 45369 9530 1851 41287 61767 73545 48455 62794 58706 15702 25944 19804 79709 27999 50016 12129 34658 75619 1379 74085 12648 85864 88426 84843 24428 75628 9070 41327 18293 45942 25975 28030 71552 45441 45962 14221 24467 56729 78746 13722 23967 80803 14756 48548 37286 63399 49576 44970 98732 94638 53170 45491 39860 74675 38834 92603 19901 34237 46529 79810 95683 97733 98246 99272 83929 59356 97758 88032 40416 87009 26593 39905 26600 58856 39404 22509 80877 32239 84462 87540 15352 5116 46078 
709 109
31746 42507 19981 56861 83998 58402 60454 47142 51752 7213 26673 65074 13376 6209 82000 55889 10325 97878 6741 58966 6750 55907 88170 83569 79475 47752 13964 55440 45203 63641 34970 7330 48803 74916 31415 93373 56003 41668 69324 60125 28900 56549 89828 47332 47849 25835 12531 98556 62717 24331 57612 94477 30994 67355 31007 93988 96047 76595 5950 36166 61257 45387 97625 17247 58721 64866 43362 3943 17264 11634 4988 80261 76168 19849 73611 42895 12693 27030 34198 64918 66457 89501 51618 65955 12194 56741 78253 77236 71612 98750 49097 18379 30670 68558 59857 34770 76758 71128 93146 56795 77275 32733 86494 59359 495 61425 98293 3576 60921 
353 210
10240 28672 87554 65541 50172 78351 94228 55320 47642 58394 42525 47141 7207 23080 14890 64556 58926 10798 28208 26162 48691 78901 51765 62519 75831 3064 33850 93755 35388 74303 54338 74819 85571 10821 69709 70227 28248 96344 68701 85602 59490 51302 33384 53865 70760 27752 3183 50290 91763 17013 63095 66686 56449 73347 1668 22674 21653 21657 154 87713 9385 86185 59564 6829 86188 19633 27826 21683 88756 25781 68276 27831 10423 12473 54969 35001 22716 59574 68798 92865 47301 13001 95945 59596 77006 95951 18128 90831 90834 73425 34515 44755 83160 57051 33499 73949 92383 88292 10986 33515 81645 59118 71924 7416 89340 23293 73475 52492 35599 23312 99089 4371 28436 23317 52503 71963 18717 90399 87328 28961 56098 65828 82217 7467 39723 81708 25389 48945 59698 85812 28986 23355 73018 88385 73537 75589 92492 35150 41295 29519 65371 41307 55131 13668 11624 39793 25970 37745 98164 14708 21879 54648 51064 80761 91003 62335 75136 20866 56196 32135 33160 23433 54158 79249 50065 13205 20889 61341 20903 27562 56746 1964 86444 57262 12206 41905 80821 96695 36792 27065 31736 75712 55745 9672 4043 85965 57807 35282 59347 88021 32760 55259 65501 21470 26590 75235 73700 69096 17897 66040 85995 50668 81900 64492 77300 27124 87544 77307 87548 96767 
642 102
66050 28174 19474 13333 89625 68639 75812 40998 39974 27178 44590 92722 1593 74297 21568 41543 85578 83530 49231 34899 72276 85076 41562 78433 85091 5733 14439 95339 92797 42137 79516 58525 23712 36002 61605 50345 88246 74941 34498 56006 43206 93386 24779 52941 33486 92374 49882 27355 15069 68832 94435 42219 23276 23791 20726 82688 60169 61197 82703 59677 21282 61223 17720 56121 36158 80197 97096 92488 28510 49503 78696 68973 14711 17280 44928 65921 29062 96654 46994 90515 1434 34717 74654 52642 81319 79273 43967 23492 82888 60361 29653 39384 45019 32732 81913 40931 19944 7148 46576 5104 89593 65533 
693 202
22021 11274 5134 69646 66064 19985 24595 21524 4627 71702 73751 71703 33305 21018 49179 12319 55327 63010 82467 56867 52773 53292 97329 78385 60467 22073 68154 2619 49212 7741 14917 75338 30795 89166 71761 48721 96339 50769 94293 56918 30803 33369 98906 2650 15965 52832 91232 15970 47203 30820 20583 77930 50796 52336 45681 23668 53365 81012 93822 87679 41089 94340 34439 66184 59543 39065 5787 45726 48289 67235 74403 85163 50351 69297 72883 1205 76471 72888 57020 41661 58046 52931 89795 81102 96462 20687 51919 22224 23252 67797 63193 1246 78558 58080 8933 77546 15082 2796 5360 85744 72433 21749 99576 41211 91391 82690 75524 41732 96004 67337 58633 60682 65292 60175 89362 83731 20757 41753 66330 39707 90395 72987 62239 86304 74536 93992 93993 37676 76591 9009 38194 24881 86853 84807 17224 30026 76111 2895 82260 20824 45914 43868 63838 72546 26980 94565 14183 36720 92531 91509 6518 55158 83832 82295 76155 95614 34691 9606 24454 21390 16791 86937 85915 85916 84380 12187 88479 70560 91042 93094 60327 89511 90534 94630 74155 42924 77227 20907 62891 95671 26042 15291 10684 6590 69566 2504 11211 37323 87503 30684 10722 47074 41444 84453 61414 88038 12266 65521 71666 80884 39419 35326 
996 196
51200 50692 25093 97284 78346 24588 96271 9232 68114 43542 29213 23071 69664 42530 19491 93733 15909 4649 34859 31795 21047 76858 41023 86079 94278 81478 52294 67143 49738 40012 57427 21591 11866 62556 49761 90722 43105 51812 42085 7783 67175 73323 18032 89714 79989 84598 23160 97915 64635 22653 34939 15486 50817 78466 78980 3206 74386 59541 1173 76443 45724 21149 5280 47264 55458 97963 17582 97970 81075 12978 18103 93880 94575 93884 47293 33988 19653 41670 24264 45258 45774 24782 21200 43730 64212 81629 88285 60127 16102 31976 14568 79609 86267 33023 46336 83202 44291 43782 8456 53516 38675 15637 15127 28960 68897 58148 77094 4390 34603 56110 92464 99120 48946 22326 49977 71491 40259 85318 62279 42827 52556 93005 42317 20307 11093 25433 65885 40798 19295 53602 59243 61805 5487 78192 22383 19314 29555 96114 84340 72047 92018 98678 10618 54651 27010 61314 45957 58250 44426 13197 99730 79254 78235 82332 51613 7589 52135 94633 69546 43946 70570 9642 93102 78256 50612 39353 7099 31676 68028 63934 99262 89534 37313 72655 35794 32731 60379 43996 6112 4064 18402 79330 54757 48102 27623 45546 29674 16874 71149 95724 61930 66033 35829 59896 14841 66554 
586 96
60930 87054 30230 89117 2077 66086 57895 32302 78384 31801 64580 48199 91719 94796 71762 95826 20565 53333 98901 92264 59499 8815 76400 18546 66172 47748 5253 78473 1177 94878 94370 63139 60068 67236 82086 73389 1201 52918 40125 723 66259 54486 67799 62181 78072 65786 59648 44825 75561 15154 92468 62784 31041 2369 20804 87880 86858 41291 54094 39246 41300 86362 57696 73578 85357 6510 86383 10619 57737 27023 19864 60827 69024 45991 37804 85934 97199 92593 49077 50102 75701 55739 94656 80832 75716 27077 39366 73676 6614 36837 91631 49647 8176 63985 54262 58364 
241 95
78340 26631 32777 93707 4621 27150 15886 35347 38429 82989 71215 22072 47675 75837 82496 88641 49216 68675 62022 66120 79946 47178 9809 36951 93785 72794 32347 14429 35942 77945 31867 98438 99989 29335 89239 57499 22172 39584 10918 91814 42150 20137 683 74413 91830 85177 65211 32443 46779 9421 14032 64217 89836 99053 88305 21240 88316 37122 16136 65812 83740 79135 6948 3902 59714 11076 33612 98140 71009 92527 32632 4480 36742 25483 22941 72093 50079 23459 80296 76735 66498 82379 29651 60886 74719 49632 42981 91111 86505 96750 60911 83956 35317 28158 65535 
388 188
84480 13316 1541 66574 45592 18975 40993 45604 49704 35881 94254 23608 81465 62524 99901 75326 31811 21060 79939 22598 94279 1606 57931 84045 74327 98907 40030 5727 94816 58979 22121 19050 17008 44144 20080 10357 74869 56439 47226 95867 20092 92285 58501 44168 23689 49290 8844 52882 69778 77971 71832 37529 93338 7323 12451 51364 64677 6821 49319 19113 60076 63664 54966 67259 22204 48317 66240 13506 22214 51399 59080 68297 65226 2761 27340 13000 63183 42703 71887 48850 91344 50388 54998 18135 30423 85210 68315 44768 99552 45795 69348 15590 93929 89840 66801 30457 49918 99583 22271 2308 48393 266 30475 50449 86294 15126 53529 35610 64794 98074 48415 52000 47393 83233 29478 61736 16173 99630 31535 54576 69939 27445 16193 7493 65863 27465 59210 52557 49999 48976 93525 83806 49504 64354 38755 85862 18280 23913 82282 23410 76667 17276 29056 31107 67971 3461 1412 92035 9096 4489 97674 54665 58766 48527 17807 63378 70548 26517 82837 27547 62365 97694 60317 28575 61861 62886 81831 70056 92595 29107 82355 95677 79298 41931 19404 11725 83403 95186 13268 89044 36822 61910 29655 8681 98284 73715 81396 93179 
175 52
49541 27270 57222 30984 88585 19595 8845 65549 57357 18577 10004 16923 86176 10659 932 49955 15915 63789 431 95536 43057 20404 11960 11709 58687 51905 80449 56136 11212 33869 34766 43727 38096 28876 11468 79573 12889 15706 20570 95323 73945 38241 19425 41828 86775 96370 77811 39666 72949 93814 42231 96635 
953 81
70272 70529 3456 94979 23556 88708 67713 30327 76296 27913 64010 57355 27148 38151 68494 24072 46865 13459 17045 82581 69271 39962 2295 32539 99485 76576 93990 2984 31786 20394 47408 55601 4147 24500 32316 63293 65213 55487 83137 13634 66755 83780 21445 66247 19783 50507 78158 98126 50895 64468 42198 76374 70486 62298 25435 74716 39262 10207 47330 15714 66916 3939 70758 21735 74231 75881 73962 60267 51818 55789 19822 26736 33393 73458 38132 2036 6391 67832 47996 18302 63103 
503 77
60805 83078 10887 64392 52361 31114 29578 73737 8333 51206 58001 48658 30100 88468 41111 920 59801 96156 55710 45984 19105 87200 74531 76452 27553 91811 12199 9129 23339 13870 79919 10288 37681 33970 79795 58547 97461 65713 43696 39038 68540 65341 20286 20671 7746 75331 33481 9035 20428 18125 77393 63827 48724 92243 38102 17367 58583 90329 59610 4569 5980 72410 5083 8287 14943 83171 65637 741 17388 22895 91759 66802 92407 39290 93948 11901 56830 
615 140
85506 8710 33801 22026 12313 27166 29235 70708 56885 84539 48703 30276 52810 66122 36940 58962 46674 97882 65627 64092 70747 50785 30307 84580 4713 26733 621 6258 98933 20086 2167 35452 83585 9860 26757 58502 68238 72857 89247 59042 21668 87211 27309 18614 64184 15038 6341 53960 75976 58569 77010 12501 15063 67288 9434 31970 8426 84205 83184 58609 77047 18683 64256 34051 74501 12549 47883 80654 6416 40209 54544 27411 79637 59161 98077 91933 42792 13098 50474 74541 91950 17200 67896 14136 22843 11069 34110 4931 7495 95051 48460 36686 55646 49505 79714 77309 9575 65386 22900 66424 45440 26497 898 36227 48000 42373 36743 392 77705 53137 36241 87954 31637 15766 75160 7064 38811 90525 10654 93599 73120 82336 23460 96165 73124 85931 13745 2492 83908 44999 55246 38361 31194 26075 37342 85991 98791 54253 36338 22013 
82 138
32256 38401 5634 74244 14854 70156 53781 10262 43543 84501 11287 33823 39969 81450 87595 50222 89648 70707 13367 76343 71738 31292 74817 45634 59459 7745 97857 92751 77399 37464 88665 31834 97380 85604 90216 11370 87146 3189 6773 42615 42102 85113 43642 55938 33418 76430 61079 41626 37020 43685 39591 71343 93366 87737 88255 65730 58566 94922 79053 83151 54485 94427 62171 91355 1755 45284 24571 11496 34537 90857 67820 9965 10486 29433 70907 59643 63230 32000 1282 86280 17160 18699 91410 6420 63764 78104 83224 77083 82204 31520 56612 19761 1848 11064 63801 2363 63804 21316 73030 31055 23378 14165 71516 84319 74592 53094 9080 84857 77823 22409 57226 87438 51603 7062 83871 91552 1458 38835 57780 13241 57275 86971 53693 41916 71111 32711 51149 7123 82392 38877 8159 76268 21998 73714 57333 55803 45565 35839 
742 118
68608 39425 91649 82951 81417 70164 70680 34846 55844 85547 3116 35373 38963 26164 48188 10302 77892 71754 60494 54867 59994 59482 84072 61560 24193 37008 83603 42668 55471 86193 75954 44217 87738 84154 57017 30910 57535 22725 14029 22227 68823 20183 9945 57566 37093 23785 12528 62704 35058 90869 56057 22785 267 48908 61710 40721 17181 17694 24869 9003 27435 72491 64816 10038 73014 57144 85305 96573 30526 94525 52549 32071 92490 60754 5460 23898 76132 69477 8039 89447 4462 46448 39794 63864 94081 83331 20367 29074 14230 33177 3481 96671 45992 64427 40878 87474 26548 6583 74169 86972 1982 42430 54208 40900 72141 20943 50646 59863 47576 57311 7138 40419 4068 14317 30200 58363 8188 91134 
242 116
37892 16393 38924 17933 96781 34329 5660 11812 94757 58919 64039 79920 11331 53320 55372 25171 33364 63064 32858 12896 69741 33401 27769 19066 6266 17024 94339 71813 61062 98441 59530 50317 10895 97427 12435 34971 65180 23206 94394 36540 37570 69834 60107 53963 3786 78544 15059 34008 57563 8923 55520 18145 84195 15076 12518 78572 43758 66289 24818 90364 12546 92933 47879 23309 14607 15635 1303 90908 61215 29481 5931 77616 12081 64322 67911 38221 47442 36182 86359 53088 45413 33638 65383 45930 20339 6003 32637 70020 43398 93575 53136 61332 40346 20383 49056 26544 64947 41395 33716 26568 90570 54731 29132 14799 64978 22996 92629 16347 80862 481 5609 48619 57836 45038 53231 92149 
64 56
32644 89860 79111 47623 71433 66696 17419 36233 32146 532 60949 21782 44055 29594 669 55712 85668 69157 64423 83498 8234 97709 37294 26542 13489 82611 38964 6197 17721 20796 51518 78271 50750 44993 22981 15045 76 91216 2643 71509 89686 89945 54106 36572 3807 6498 16227 15976 39658 43755 68591 2672 27633 36601 51196 88190 
765 98
84993 57349 92682 90641 94229 40986 68651 37934 63031 60472 86585 62525 65101 86611 95835 10851 35948 41594 22139 23681 78478 87695 50325 91798 88216 2714 42656 99500 99501 82095 52401 83651 70356 69332 26326 94936 20200 69356 46320 34552 77560 17147 24318 14086 2824 94986 89354 33547 272 97557 61718 72472 69404 37152 39722 16711 56648 69456 67409 4947 76117 12119 56664 1383 55143 362 45563 37765 7056 12689 84368 70033 93597 90527 1442 34732 83888 97713 74673 33718 30135 90553 87481 54204 6594 98761 94674 92626 60372 91102 32226 20965 54250 67050 88050 499 44533 96763 
823 46
70147 96260 30215 26633 99466 9227 76555 68749 71544 30584 50463 60320 44323 3109 52649 99114 96429 59830 64697 50499 2373 82629 62534 99016 99914 57292 41036 87756 4688 68820 67030 5336 74458 96347 53598 16352 32869 5094 92776 10088 10216 56685 86260 20725 76918 77816 
766 78
30976 41987 61699 16647 77959 94727 87947 97422 91152 47890 31124 4500 76055 79512 42392 82842 83482 39452 74392 27031 98970 27297 35111 42794 94891 67884 1451 80174 2351 1328 79661 85942 45623 48697 49083 68029 66494 88128 71879 91210 28107 59852 17996 99534 92112 79952 27604 36565 32596 10455 24788 41945 49625 13275 26969 9565 79972 67173 96228 80999 27496 13161 47594 41210 77291 12525 32877 13423 29296 86128 11504 44140 112 72437 82935 20730 2043 61054 
446 60
44929 87815 25224 16010 17404 90892 75278 58894 5905 15763 63509 14102 50844 28831 34464 97574 64935 88360 89002 38954 85682 57779 75956 5812 85814 94775 4792 32695 59834 5046 44856 42685 68673 50371 28867 30277 14790 23114 22858 69194 63441 39889 41555 20434 3798 25943 19547 68444 27613 16606 65760 94051 24037 86761 70641 86261 49528 30332 16893 60158 
878 27
54016 66305 90499 46467 67080 83474 85151 72864 13601 162 24998 92966 59567 9903 37041 4786 99637 83897 76482 14666 45531 54877 34027 44013 89713 55922 377 
117 25
87297 54018 78983 71817 31631 70289 75284 28564 66207 92713 811 69420 1710 21682 2228 76347 23999 5837 42580 57429 15575 68568 88808 60019 70655 
83 46
69763 86787 84871 54792 62223 36627 9494 61335 37911 16537 7446 88351 805 60967 62636 67453 10156 97717 32053 60087 84282 88382 25792 45505 84034 83648 47685 25287 48331 67278 75344 89298 39382 26329 98169 20955 64732 2400 12769 76390 24560 99314 96627 59253 6393 67581 
457 42
25344 60801 83842 73734 62983 31240 77704 43541 37914 12956 94621 45728 40738 79400 71977 99884 46511 64305 66228 5175 84026 65851 56764 65469 14012 41148 46019 36551 39629 81869 97743 99803 53983 37857 23139 56805 91112 90222 25329 36602 55932 40063 
952 40
94985 40724 57751 93085 51486 2974 38562 57635 31021 74158 4916 52540 96444 85057 45257 85197 49870 65232 24656 8022 16087 11990 59229 95583 96224 52577 20834 20324 80613 38372 77542 79847 51565 70126 55663 54772 29812 2426 23548 15871 
589 38
59396 35334 24202 95370 54540 44684 5394 99351 32802 76965 1713 39478 91453 26432 27971 37701 25797 49481 80723 26708 23896 73050 69083 7514 28380 19296 27235 26726 97254 15850 1387 85610 26858 24555 88561 22259 80118 89727 
735 13
677 34982 18504 73065 90744 10286 89328 15540 54484 81076 11895 11704 50267 
933 24
13576 29457 44949 88981 36889 86813 97701 92206 17583 2354 59202 82372 2628 15611 41810 78548 43863 34648 83803 49379 98281 79214 98420 16635 
239 22
86552 31396 30252 42799 41139 37172 48182 82491 8124 6464 57923 88647 76112 9685 78678 57054 56928 3951 79863 6264 21627 43262 
487 5
35143 3662 42993 95379 38590 
903 4
66008 29857 56152 86647 
517 634
63491 30724 83971 73731 59395 26635 55312 83986 77845 63514 16412 79903 6175 84002 32806 77867 63531 81976 86082 79938 63554 18499 67654 47182 28755 22612 28758 69719 30810 53339 90 8282 71776 20577 49250 16481 94309 10350 69742 79986 65651 51315 123 16513 84097 6278 30854 75914 86156 51340 12432 28817 8336 49302 53402 51360 22693 10406 84135 49327 20658 84148 39102 43199 35008 78016 69822 202 8399 8400 80086 63707 80092 35042 88290 10470 232 80114 30967 39161 16633 51449 33022 76031 47361 53506 67857 65809 51475 28947 82199 41240 71962 51484 63774 59682 24867 94506 16683 55596 98606 94511 303 37169 45362 43316 2359 86328 88381 12607 49472 8512 59719 57672 69962 82262 22876 61789 10592 39264 61796 24935 78185 59759 2417 8562 80250 80251 33153 70043 67999 78240 18851 49574 74151 92585 45487 76208 29108 25012 31161 35262 29119 68034 37316 37317 92614 20936 84425 82378 31182 68052 27094 45527 78295 55769 78296 76255 35299 86503 8680 6633 98799 70127 39411 55798 49654 33275 39422 18947 39427 51718 55815 29196 29204 70168 541 92702 8738 86563 53795 55846 96806 4650 70190 14894 53813 80439 82493 76352 47687 21064 76363 64075 14925 47697 64081 49748 41563 37470 45662 4702 66145 76386 98918 72296 4721 64115 62069 57974 45691 60028 74366 68230 35465 27274 74383 2705 49814 35479 74393 92828 51871 94884 4778 41646 96952 92857 27322 55997 35518 70334 23240 92872 31439 72402 74450 45781 29399 15067 60126 60128 4834 53986 39653 25319 86763 6893 31478 37627 4868 27397 13067 43796 2839 56088 99096 2842 43805 25374 2850 21292 95020 80689 72499 70456 39738 37693 64319 9025 80706 60227 58185 39759 62292 68436 31572 37723 72540 25441 78692 9061 86889 23415 31615 13183 11140 29573 11141 39815 9097 33674 39820 11155 17307 60322 74664 50092 41914 33724 68541 13249 46017 97220 97222 68553 970 17359 19408 17361 89045 80856 21468 87010 52195 60391 9193 13291 1004 37873 64502 58361 72703 44038 60431 52240 56338 70679 78872 93209 80921 19489 7202 91174 74797 17455 60466 93239 39993 25657 72763 35901 13378 37956 31813 52297 95308 68691 17493 72790 35925 1112 68695 72797 13409 60515 74851 15465 7277 1134 91248 68721 93301 66677 38007 19576 35957 95356 87165 44157 15493 48262 5254 70796 40090 21666 89252 58534 93359 13492 89276 9407 33989 62664 93385 56523 50380 89292 77007 95445 77025 64737 42211 50402 40165 97507 93419 17649 60660 9464 42232 87293 58621 70911 66815 5381 70922 99598 11538 99602 91415 93463 99609 83223 44315 1311 54562 27942 70951 83240 30001 91443 85301 40246 15670 3387 17726 54590 60739 58693 25926 9541 89420 73040 32081 68946 85328 7508 70997 1368 19805 34143 93538 64868 17765 9572 87403 3440 25972 48501 66940 23933 40317 5506 23942 73097 71051 9614 64912 73107 7576 32157 46495 75170 13730 60839 21928 77223 44471 83384 11708 21950 99782 9675 97752 50648 91616 87529 89577 34283 97769 28142 81391 52724 13812 26100 58871 75259 36350 91651 40452 97798 17930 15887 54801 95768 93730 89638 44583 11819 44596 1588 89654 97847 24118 7737 99898 65083 73273 28215 83523 95813 56901 83533 32334 91728 1616 63062 56919 73308 81504 1633 20066 36450 24165 77416 5744 28272 97908 1654 59002 36481 50820 89733 93837 89741 81549 91801 32409 44699 83611 9895 65198 26297 91843 75462 40657 67281 59091 44758 5849 20187 57053 63198 69345 22241 14055 22253 93941 16119 73463 1796 16133 81678 46864 71446 34590 36643 7973 83749 98089 63281 77618 75571 10035 30514 42803 61240 71484 40765 22334 55102 57150 77634 44867 94021 28490 18253 91982 46934 34647 91998 81761 67426 36706 55140 92005 92026 38787 22404 46982 34698 46988 79762 49043 61334 40856 73628 18338 47015 40876 96179 12212 30645 44979 71607 92087 94143 67519 30658 8133 30665 30667 34769 88019 57305 63450 94169 26595 96230 53226 71660 96239 79870 
